drift_x: 0
drift_y: 0
feature_weight: 0.3574208464224516
gap_closing: 0
max_distance: 1.478388138513758
segment_connect_max_distance: 0.6064476946029953
