division_recovery: -1
predicted_ratio: 0.9703304113283884
target_effectiveness: 0.9105526280232401
track_purity: 0.9060013486176669
true_ratio: 0.9721659235238481
union_ratio: 0.9441018239076236
