Jaccard_index: 0.2688662048851622
mitotic_branching_correctness: -1
precision: 0.4450143309699804
target_effectiveness: 0.188399835458659
track_purity: 0.2836023532961231
true_positive_rate: 0.40449746332099273
