gap_closing: 1
gap_closing_max_distance: 2.7665553768652718
max_distance: 0.65855971599179
