gap_closing: 0
gap_closing_max_distance: 1.4638086549991849
max_distance: 1.1206527147354262
