mitotic_branching_correctness: -1
precision: 0.5196807791153795
target_effectiveness: 0.2604067148901324
track_purity: 0.2555119707831733
true_positive_rate: 0.5243619489559165
Jaccard_index: 0.353189924618496
