division_recovery: -1
predicted_ratio: 0.5196807791153795
target_effectiveness: 0.2604067148901324
track_purity: 0.2555119707831733
true_ratio: 0.5243619489559165
union_ratio: 0.353189924618496
