Algorithm: predicted
Segmentation:
Precision: 0.9854633555420957
Recall: 1
F: 0.9926784624771202
Tracking:
Precision: 1.0
Recall: 1
F: 1.0
Long-time tracking:
Precision: 1.0
Recall: 1
F: 1.0