Algorithm: predicted
Segmentation:
Precision: 1.0
Recall: 1
F: 1.0
Tracking:
Precision: 1.0
Recall: 0.9989847715736041
F: 0.9994921279837481
Long-time tracking:
Precision: 1.0
Recall: 0.9807692307692307
F: 0.9902912621359223