Algorithm: predicted
Segmentation:
Precision: 0.9643987341772152
Recall: 1
F: 0.981876761981474
Tracking:
Precision: 1.0
Recall: 1
F: 1.0
Long-time tracking:
Precision: 1.0
Recall: 1
F: 1.0