Algorithm: predicted
Segmentation:
Precision: 1.0
Recall: 1
F: 1.0
Tracking:
Precision: 1.0
Recall: 0.9725888324873097
F: 0.9861039629439012
Long-time tracking:
Precision: 1.0
Recall: 0.7692307692307693
F: 0.8695652173913043