Algorithm: predicted
Segmentation:
Precision: 1.0
Recall: 1
F: 1.0
Tracking:
Precision: 1.0
Recall: 0.999492385786802
F: 0.9997461284589998
Long-time tracking:
Precision: 1.0
Recall: 1
F: 1.0