gap_closing: 1
gap_closing_max_distance: 1.4487125781690566
max_distance: 1.2007996546995054
