drift_x: 0
drift_y: 0
gap_closing: 1
gap_closing_max_distance: 25.006460914732212
max_distance: 11.336491560670634
nll_offset: 0.20838289500932858
splitting_max_distance: 20.261072961287592
