division_recovery: 0.1791044776119403
predicted_ratio: 0.9747742963356346
target_effectiveness: 0.8825552825552826
track_purity: 0.7705788635156665
true_ratio: 0.9019656019656019
union_ratio: 0.8813925570228092
