drift_x: 0
drift_y: 0
feature_weight: 0.48145140810102355
gap_closing: 1
max_distance: 1.8716978363181507
segment_connect_max_distance: 2.596647064717001
