Jaccard_index: 0.7864871363308488
mitotic_branching_correctness: -1
precision: 0.8645434121844853
target_effectiveness: 0.7226107226107226
track_purity: 0.6482093299854632
true_positive_rate: 0.8970245440833676
