Jaccard_index: 0.2539454806312769
mitotic_branching_correctness: -1
precision: 0.39775280898876403
target_effectiveness: 0.19868366927190456
track_purity: 0.17157964309319235
true_positive_rate: 0.4125874125874126
