gap_closing: 0
gap_closing_max_distance: 0.4305173146314123
max_distance: 1.060493769436303
