Algorithm: predicted
Segmentation:
Precision: 1.0
Recall: 1
F: 1.0
Tracking:
Precision: 1.0
Recall: 0.9919137466307277
F: 0.9959404600811907
Long-time tracking:
Precision: 1.0
Recall: 1
F: 1.0