Algorithm: predicted
Segmentation:
Precision: 1.0
Recall: 1
F: 1.0
Tracking:
Precision: 1.0
Recall: 0.9946091644204852
F: 0.9972972972972973
Long-time tracking:
Precision: 1.0
Recall: 1
F: 1.0