Algorithm: predicted
Segmentation:
Precision: 1.0
Recall: 1
F: 1.0
Tracking:
Precision: 1.0
Recall: 0.9928122192273136
F: 0.9963931469792606
Long-time tracking:
Precision: 1.0
Recall: 1
F: 1.0