Algorithm: predicted
Segmentation:
Precision: 1.0
Recall: 1
F: 1.0
Tracking:
Precision: 1.0
Recall: 0.9973045822102425
F: 0.9986504723346828
Long-time tracking:
Precision: 1.0
Recall: 1
F: 1.0