division_recovery: 0.8854166666666666
predicted_ratio: 0.9999590432503277
target_effectiveness: 0.9943521322746992
track_purity: 0.9938155307994757
true_ratio: 0.9992223950233281
union_ratio: 0.9991815019439328
