drift_x: -4.347704999765771
drift_y: -2.2985305347250513
gap_closing: 0
gap_closing_max_distance: 21.734030846410416
max_distance: 13.953206001137
splitting_max_distance: 17.394233420478127
