mitotic_branching_correctness: 0.8854166666666666
precision: 0.9999590432503277
target_effectiveness: 0.9943521322746992
track_purity: 0.9938155307994757
true_positive_rate: 0.9992223950233281
Jaccard_index: 0.9991815019439328
