division_recovery: 0.0
predicted_ratio: 1.0
target_effectiveness: 0.5741998854055824
track_purity: 0.9991292791347784
true_ratio: 0.8930588524187607
union_ratio: 0.8930588524187607
