gap_closing: 1
gap_closing_max_distance: 1.766749411734172
max_distance: 1.0606749234026873
