drift_x: 0
drift_y: 0
feature_weight: 0.3536016620133261
gap_closing: 0
max_distance: 1.6753579981913749
segment_connect_max_distance: 1.558910467987807
