mitotic_branching_correctness: 0.6805970149253732
precision: 0.9550232217061843
target_effectiveness: 0.928009828009828
track_purity: 0.8347592275727206
true_positive_rate: 0.9599508599508599
Jaccard_index: 0.9184297132110955
