division_recovery: 0.6805970149253732
predicted_ratio: 0.9550232217061843
target_effectiveness: 0.928009828009828
track_purity: 0.8347592275727206
true_ratio: 0.9599508599508599
union_ratio: 0.9184297132110955
