drift_x: 0
drift_y: 0
feature_weight: 0.3932830061444346
gap_closing: 0
max_distance: 1.8327306262330525
segment_connect_max_distance: 1.0412770489542649
