Algorithm: predicted
Segmentation:
Precision: 1.0
Recall: 1
F: 1.0
Tracking:
Precision: 0.9964771011575239
Recall: 0.9322033898305084
F: 0.9632692775480418
Long-time tracking:
Precision: 0.972972972972973
Recall: 0.36
F: 0.5255474452554745