Algorithm: predicted
Segmentation:
Precision: 1.0
Recall: 1
F: 1.0
Tracking:
Precision: 0.9940973930152484
Recall: 0.9515065913370998
F: 0.9723358191003127
Long-time tracking:
Precision: 0.9565217391304348
Recall: 0.44
F: 0.6027397260273972