Algorithm: predicted
Segmentation:
Precision: 1.0
Recall: 1
F: 1.0
Tracking:
Precision: 0.9847836424155968
Recall: 0.9750470809792844
F: 0.9798911757747811
Long-time tracking:
Precision: 0.8
Recall: 0.68
F: 0.7351351351351352