Algorithm: predicted
Segmentation:
Precision: 1.0
Recall: 1
F: 1.0
Tracking:
Precision: 0.9872037914691943
Recall: 0.9806967984934086
F: 0.9839395370807746
Long-time tracking:
Precision: 0.8222222222222222
Recall: 0.74
F: 0.7789473684210526