Algorithm: predicted
Segmentation:
Precision: 1.0
Recall: 1
F: 1.0
Tracking:
Precision: 0.9848197343453511
Recall: 0.9774011299435028
F: 0.9810964083175804
Long-time tracking:
Precision: 0.8181818181818182
Recall: 0.72
F: 0.7659574468085106