Algorithm: predicted
Segmentation:
Precision: 1.0
Recall: 1
F: 1.0
Tracking:
Precision: 0.9852240228789323
Recall: 0.9731638418079096
F: 0.9791567977261961
Long-time tracking:
Precision: 0.8395061728395061
Recall: 0.68
F: 0.7513812154696132