Algorithm: predicted
Segmentation:
Precision: 1.0
Recall: 1
F: 1.0
Tracking:
Precision: 0.9838479809976247
Recall: 0.9750470809792844
F: 0.9794277606999291
Long-time tracking:
Precision: 0.7906976744186046
Recall: 0.68
F: 0.7311827956989247