Algorithm: predicted
Segmentation:
Precision: 1.0
Recall: 1
F: 1.0
Tracking:
Precision: 0.9843155893536122
Recall: 0.9750470809792844
F: 0.9796594134342479
Long-time tracking:
Precision: 0.813953488372093
Recall: 0.7
F: 0.7526881720430108