Algorithm: predicted
Segmentation:
Precision: 1.0
Recall: 1
F: 1.0
Tracking:
Precision: 0.9875120076849183
Recall: 0.967984934086629
F: 0.9776509747979077
Long-time tracking:
Precision: 0.8732394366197183
Recall: 0.62
F: 0.7251461988304093