Algorithm: predicted
Segmentation:
Precision: 1.0
Recall: 1
F: 1.0
Tracking:
Precision: 0.9833650190114068
Recall: 0.974105461393597
F: 0.978713339640492
Long-time tracking:
Precision: 0.8117647058823529
Recall: 0.69
F: 0.745945945945946