Algorithm: predicted
Segmentation:
Precision: 1.0
Recall: 1
F: 1.0
Tracking:
Precision: 0.9886309805779252
Recall: 0.9825800376647834
F: 0.9855962219598583
Long-time tracking:
Precision: 0.8131868131868132
Recall: 0.74
F: 0.774869109947644