Algorithm: predicted
Segmentation:
Precision: 1.0
Recall: 1
F: 1.0
Tracking:
Precision: 0.9931607230092818
Recall: 0.9571563088512242
F: 0.9748261807719971
Long-time tracking:
Precision: 0.96
Recall: 0.48
F: 0.64