Algorithm: predicted
Segmentation:
Precision: 1.0
Recall: 1
F: 1.0
Tracking:
Precision: 0.9896030245746692
Recall: 0.9858757062146892
F: 0.9877358490566037
Long-time tracking:
Precision: 0.8064516129032258
Recall: 0.75
F: 0.7772020725388601