Algorithm: predicted
Segmentation:
Precision: 1.0
Recall: 1
F: 1.0
Tracking:
Precision: 0.984352773826458
Recall: 0.9774011299435028
F: 0.9808646350106307
Long-time tracking:
Precision: 0.8089887640449438
Recall: 0.72
F: 0.7619047619047619