Algorithm: predicted
Segmentation:
Precision: 1.0
Recall: 1
F: 1.0
Tracking:
Precision: 0.9843006660323501
Recall: 0.974105461393597
F: 0.9791765262659725
Long-time tracking:
Precision: 0.8214285714285714
Recall: 0.69
F: 0.75