Algorithm: predicted
Segmentation:
Precision: 0.9555921052631579
Recall: 1
F: 0.977291841883936
Tracking:
Precision: 0.9881628787878788
Recall: 0.9825800376647834
F: 0.9853635505193579
Long-time tracking:
Precision: 0.8131868131868132
Recall: 0.74
F: 0.774869109947644