Algorithm: predicted
Segmentation:
Precision: 1.0
Recall: 1
F: 1.0
Tracking:
Precision: 0.9847619047619047
Recall: 0.9736346516007532
F: 0.9791666666666666
Long-time tracking:
Precision: 0.8313253012048193
Recall: 0.69
F: 0.7540983606557377