Algorithm: predicted
Segmentation:
Precision: 1.0
Recall: 1
F: 1.0
Tracking:
Precision: 0.9824478178368121
Recall: 0.9750470809792844
F: 0.9787334593572778
Long-time tracking:
Precision: 0.7954545454545454
Recall: 0.7
F: 0.7446808510638298