Algorithm: predicted
Segmentation:
Precision: 1.0
Recall: 1
F: 1.0
Tracking:
Precision: 0.9922178988326849
Recall: 0.96045197740113
F: 0.9760765550239234
Long-time tracking:
Precision: 0.9285714285714286
Recall: 0.52
F: 0.6666666666666666