Algorithm: predicted
Segmentation:
Precision: 1.0
Recall: 1
F: 1.0
Tracking:
Precision: 0.9857617465590888
Recall: 0.9778719397363466
F: 0.9818009926731269
Long-time tracking:
Precision: 0.8181818181818182
Recall: 0.72
F: 0.7659574468085106