Algorithm: predicted
Segmentation:
Precision: 1.0
Recall: 1
F: 1.0
Tracking:
Precision: 0.9852521408182683
Recall: 0.9750470809792844
F: 0.9801230477993375
Long-time tracking:
Precision: 0.8095238095238095
Recall: 0.68
F: 0.7391304347826086