Algorithm: predicted
Segmentation:
Precision: 1.0
Recall: 1
F: 1.0
Tracking:
Precision: 0.9866348448687351
Recall: 0.9731638418079096
F: 0.9798530457454373
Long-time tracking:
Precision: 0.85
Recall: 0.68
F: 0.7555555555555555