Algorithm: predicted
Segmentation:
Precision: 1.0
Recall: 1
F: 1.0
Tracking:
Precision: 0.9905392620624409
Recall: 0.9858757062146892
F: 0.9882019820670127
Long-time tracking:
Precision: 0.8152173913043478
Recall: 0.75
F: 0.78125