Algorithm: predicted
Segmentation:
Precision: 1.0
Recall: 1
F: 1.0
Tracking:
Precision: 0.9900709219858156
Recall: 0.9858757062146892
F: 0.9879688605803255
Long-time tracking:
Precision: 0.8152173913043478
Recall: 0.75
F: 0.78125