Algorithm: predicted
Segmentation:
Precision: 1.0
Recall: 1
F: 1.0
Tracking:
Precision: 0.9852521408182683
Recall: 0.9750470809792844
F: 0.9801230477993375
Long-time tracking:
Precision: 0.8313253012048193
Recall: 0.69
F: 0.7540983606557377