Algorithm: predicted
Segmentation:
Precision: 1.0
Recall: 1
F: 1.0
Tracking:
Precision: 1.0
Recall: 0.615819209039548
F: 0.7622377622377622
Long-time tracking:
Precision: 0
Recall: 0.0
F: 0.0