drift_x: 0
drift_y: 0
feature_weight: 0.41875440800781305
gap_closing: 0
max_distance: 1.9057112311967577
segment_connect_max_distance: 2.3433993161443007
