mitotic_branching_correctness: -1
precision: 0.9410245957331159
target_effectiveness: 0.82503070833902
track_purity: 0.8189971463514064
true_positive_rate: 0.9451344342841544
Jaccard_index: 0.8922819224326762
