division_recovery: -1
predicted_ratio: 0.9410245957331159
target_effectiveness: 0.82503070833902
track_purity: 0.8189971463514064
true_ratio: 0.9451344342841544
union_ratio: 0.8922819224326762
