gap_closing: 0
gap_closing_max_distance: 21.724707206784206
max_distance: 14.343518859197754
splitting_max_distance: 16.3321843148091
