mitotic_branching_correctness: 0.5208333333333334
precision: 0.9439484126984127
target_effectiveness: 0.8577636637138559
track_purity: 0.8693783068783069
true_positive_rate: 0.954203576800936
Jaccard_index: 0.9030370136032901
