division_recovery: 0.5208333333333334
predicted_ratio: 0.9439484126984127
target_effectiveness: 0.8577636637138559
track_purity: 0.8693783068783069
true_ratio: 0.954203576800936
union_ratio: 0.9030370136032901
