gap_closing: 0
gap_closing_max_distance: 19.205031160996974
max_distance: 29.811684033262214
splitting_max_distance: 24.42623251049463
