gap_closing: 1
gap_closing_max_distance: 1.3260042978316273
max_distance: 1.1987078030096427
