gap_closing: 1
gap_closing_max_distance: 2.4165083534246774
max_distance: 0.6247793728423423
