division_recovery: -1
predicted_ratio: 0.46064376521503925
target_effectiveness: 0.23247535596933186
track_purity: 0.228698945090614
true_ratio: 0.4663198247535597
union_ratio: 0.3016294721927028
