mitotic_branching_correctness: -1
precision: 0.9885752688172043
target_effectiveness: 0.9545698924731183
track_purity: 0.9598118279569893
true_positive_rate: 0.9885752688172043
Jaccard_index: 0.9774086378737542
