division_recovery: -1
predicted_ratio: 0.9885752688172043
target_effectiveness: 0.9545698924731183
track_purity: 0.9598118279569893
true_ratio: 0.9885752688172043
union_ratio: 0.9774086378737542
