drift_x: 0
drift_y: 0
feature_weight: 0.2993965256266045
gap_closing: 0
max_distance: 1.2058815069103632
segment_connect_max_distance: 0.6852198432395105
