gap_closing: 0
gap_closing_max_distance: 1.1632179676123604
max_distance: 1.1637673467903251
