Jaccard_index: 0.998895208478252
mitotic_branching_correctness: 0.8854166666666666
precision: 0.9997952246385715
target_effectiveness: 0.9929197020545142
track_purity: 0.9939796043740017
true_positive_rate: 0.9990996152901694
