drift_x: -0.8475100779098979
drift_y: -0.7683506011980172
gap_closing: 0
gap_closing_max_distance: 9.072612330134355
max_distance: 12.877125179523755
splitting_max_distance: 16.94829433259651
