Jaccard_index: 0.9932153784754556
mitotic_branching_correctness: -1
precision: 0.9965296316070476
target_effectiveness: 0.9849152316112668
track_purity: 0.9849172450613988
true_positive_rate: 0.9966626618608998
