drift_x: 0
drift_y: 0
feature_weight: 0.25268164361489626
gap_closing: 0
max_distance: 1.0915502030495563
segment_connect_max_distance: 0.7492443038485925
