gap_closing: 0
gap_closing_max_distance: 0.7452679234593909
max_distance: 0.7973170746174427
