mitotic_branching_correctness: -1
precision: 0.9721259002400641
target_effectiveness: 0.8921372313442798
track_purity: 0.8929047746065617
true_positive_rate: 0.9730343078360699
Jaccard_index: 0.9466233766233766
