mitotic_branching_correctness: 0.6179104477611941
precision: 0.9509924038225925
target_effectiveness: 0.9181818181818182
track_purity: 0.816956628277383
true_positive_rate: 0.9535626535626536
Jaccard_index: 0.9088992974238876
