gap_closing: 0
gap_closing_max_distance: 41.10843565555456
max_distance: 13.725430610252348
splitting_max_distance: 17.534793262372038
