division_recovery: 0.6179104477611941
predicted_ratio: 0.9509924038225925
target_effectiveness: 0.9181818181818182
track_purity: 0.816956628277383
true_ratio: 0.9535626535626536
union_ratio: 0.9088992974238876
