mitotic_branching_correctness: -1
precision: 0.996262680192205
target_effectiveness: 0.985849686290215
track_purity: 0.9858515750133475
true_positive_rate: 0.9963956748097718
Jaccard_index: 0.9926851974996675
