drift_x: 0
drift_y: 0
feature_weight: 0.24104600141223065
gap_closing: 0
max_distance: 1.0710208126325147
segment_connect_max_distance: 0.3055026122227559
