division_recovery: -1
predicted_ratio: 0.996262680192205
target_effectiveness: 0.985849686290215
track_purity: 0.9858515750133475
true_ratio: 0.9963956748097718
union_ratio: 0.9926851974996675
