gap_closing: 0
gap_closing_max_distance: 1.3524966886639878
max_distance: 1.1626508634678892
