mitotic_branching_correctness: -1
precision: 0.6930596285434996
target_effectiveness: 0.35957648975159495
track_purity: 0.42829213796955734
true_positive_rate: 0.67367992398534
Jaccard_index: 0.5188708834291689
