division_recovery: -1
predicted_ratio: 0.9021578876826163
target_effectiveness: 0.7005376344086022
track_purity: 0.7048652995577
true_ratio: 0.9047043010752688
union_ratio: 0.8238678090575275
