gap_closing: 0
gap_closing_max_distance: 1.1991509084838379
max_distance: 0.965178574650606
