Algorithm: predicted
Segmentation:
Precision: 1.0
Recall: 1
F: 1.0
Tracking:
Precision: 0.9940677966101695
Recall: 0.9923857868020305
F: 0.9932260795935648
Long-time tracking:
Precision: 0.9642857142857143
Recall: 0.9642857142857143
F: 0.9642857142857143