Algorithm: predicted
Segmentation:
Precision: 1.0
Recall: 1
F: 1.0
Tracking:
Precision: 0.9958974358974358
Recall: 0.8214890016920474
F: 0.9003245248029671
Long-time tracking:
Precision: 1.0
Recall: 0.48214285714285715
F: 0.6506024096385542