Algorithm: predicted
Segmentation:
Precision: 1.0
Recall: 1
F: 1.0
Tracking:
Precision: 0.9914965986394558
Recall: 0.9864636209813875
F: 0.9889737065309584
Long-time tracking:
Precision: 0.9454545454545454
Recall: 0.9285714285714286
F: 0.9369369369369369