Algorithm: predicted
Segmentation:
Precision: 1.0
Recall: 1
F: 1.0
Tracking:
Precision: 0.9922879177377892
Recall: 0.9796954314720813
F: 0.9859514687100894
Long-time tracking:
Precision: 0.9711538461538461
Recall: 0.9017857142857143
F: 0.9351851851851852