Algorithm: predicted
Segmentation:
Precision: 1.0
Recall: 1
F: 1.0
Tracking:
Precision: 0.9946761313220941
Recall: 0.9483925549915397
F: 0.970983109571243
Long-time tracking:
Precision: 0.9882352941176471
Recall: 0.75
F: 0.8527918781725888