Algorithm: predicted
Segmentation:
Precision: 0.8389923329682366
Recall: 1
F: 0.912447885646218
Tracking:
Precision: 0.9940677966101695
Recall: 0.9923857868020305
F: 0.9932260795935648
Long-time tracking:
Precision: 0.9642857142857143
Recall: 0.9642857142857143
F: 0.9642857142857143