Algorithm: predicted
Segmentation:
Precision: 1.0
Recall: 1
F: 1.0
Tracking:
Precision: 0.992274678111588
Recall: 0.9780033840947546
F: 0.9850873455475074
Long-time tracking:
Precision: 0.970873786407767
Recall: 0.8928571428571429
F: 0.9302325581395349