Algorithm: predicted
Segmentation:
Precision: 1.0
Recall: 1
F: 1.0
Tracking:
Precision: 0.991518235793045
Recall: 0.9890016920473773
F: 0.9902583650995341
Long-time tracking:
Precision: 0.9464285714285714
Recall: 0.9464285714285714
F: 0.9464285714285714