Algorithm: predicted
Segmentation:
Precision: 1.0
Recall: 1
F: 1.0
Tracking:
Precision: 0.9906382978723405
Recall: 0.9847715736040609
F: 0.9876962240135766
Long-time tracking:
Precision: 0.9454545454545454
Recall: 0.9285714285714286
F: 0.9369369369369369