Algorithm: predicted
Segmentation:
Precision: 1.0
Recall: 1
F: 1.0
Tracking:
Precision: 0.9960278053624627
Recall: 0.8485617597292724
F: 0.916400182731841
Long-time tracking:
Precision: 1.0
Recall: 0.5535714285714286
F: 0.7126436781609196