Algorithm: predicted
Segmentation:
Precision: 1.0
Recall: 1
F: 1.0
Tracking:
Precision: 0.9923469387755102
Recall: 0.9873096446700508
F: 0.989821882951654
Long-time tracking:
Precision: 0.9454545454545454
Recall: 0.9285714285714286
F: 0.9369369369369369