Algorithm: predicted
Segmentation:
Precision: 1.0
Recall: 1
F: 1.0
Tracking:
Precision: 0.9897959183673469
Recall: 0.9847715736040609
F: 0.9872773536895675
Long-time tracking:
Precision: 0.9459459459459459
Recall: 0.9375
F: 0.9417040358744395