Algorithm: predicted
Segmentation:
Precision: 1.0
Recall: 1
F: 1.0
Tracking:
Precision: 0.9923664122137404
Recall: 0.9898477157360406
F: 0.9911054637865311
Long-time tracking:
Precision: 0.9553571428571429
Recall: 0.9553571428571429
F: 0.9553571428571429