Algorithm: predicted
Segmentation:
Precision: 1.0
Recall: 1
F: 1.0
Tracking:
Precision: 0.9906542056074766
Recall: 0.9864636209813875
F: 0.9885544722339975
Long-time tracking:
Precision: 0.9464285714285714
Recall: 0.9464285714285714
F: 0.9464285714285714