Algorithm: predicted
Segmentation:
Precision: 1.0
Recall: 1
F: 1.0
Tracking:
Precision: 0.9906462585034014
Recall: 0.9856175972927242
F: 0.9881255301102629
Long-time tracking:
Precision: 0.9459459459459459
Recall: 0.9375
F: 0.9417040358744395