drift_x: 0
drift_y: 0
feature_weight: 0.4061046947937499
gap_closing: 0
max_distance: 2.1350917723302576
segment_connect_max_distance: 1.967943677262927
