gap_closing: 1
gap_closing_max_distance: 2.8214675334868957
max_distance: 0.6560870538214485
