mitotic_branching_correctness: -1
precision: 0.9595399188092016
target_effectiveness: 0.8654811999457038
track_purity: 0.8630581867388363
true_positive_rate: 0.962535631871861
Jaccard_index: 0.9249934776937125
