drift_x: 0
drift_y: 0
feature_weight: 0.36392452311750334
gap_closing: 0
max_distance: 1.6693396012990251
segment_connect_max_distance: 0.5910335828071983
