division_recovery: -1
predicted_ratio: 0.5001558603491272
target_effectiveness: 0.2056407447973713
track_purity: 0.3471009975062344
true_ratio: 0.4393483023001095
union_ratio: 0.3052992103510608
