mitotic_branching_correctness: -1
precision: 0.5001558603491272
target_effectiveness: 0.2056407447973713
track_purity: 0.3471009975062344
true_positive_rate: 0.4393483023001095
Jaccard_index: 0.3052992103510608
