gap_closing: 1
gap_closing_max_distance: 2.199087613017443
max_distance: 0.638090884509622
