gap_closing: 0
gap_closing_max_distance: 1.37899312789817
max_distance: 1.0227869133743868
