drift_x: 0
drift_y: 0
feature_weight: 0.2143299596091397
gap_closing: 0
max_distance: 1.0042299323353663
segment_connect_max_distance: 0.8213435882300206
