drift_x: -8.529124927885421
drift_y: -4.236561596323324
gap_closing: 0
gap_closing_max_distance: 10.544045959491738
max_distance: 15.771556332380532
splitting_max_distance: 19.370368491411156
