Jaccard_index: 0.9943432326761501
mitotic_branching_correctness: 0.7916666666666666
precision: 0.9978295350196177
target_effectiveness: 0.9829095456440183
track_purity: 0.9843058686033893
true_positive_rate: 0.9964985410587744
