Jaccard_index: 0.8928154692448741
mitotic_branching_correctness: 0.0
precision: 0.9997200186654223
target_effectiveness: 0.6885368903709879
track_purity: 0.9905739617358843
true_positive_rate: 0.8930387661525636
