gap_closing: 1
gap_closing_max_distance: 2.43373250854645
max_distance: 0.6253046596201273
