mitotic_branching_correctness: -1
precision: 0.5023126734505088
target_effectiveness: 0.21043263964950712
track_purity: 0.34212149244526674
true_positive_rate: 0.44605695509309967
Jaccard_index: 0.3093429548044056
