division_recovery: -1
predicted_ratio: 0.69534290699235
target_effectiveness: 0.389710872811185
track_purity: 0.3870621393101597
true_ratio: 0.7032713451880005
union_ratio: 0.5376154404897789
