gap_closing: 0
gap_closing_max_distance: 1.7584216453063597
max_distance: 1.1644500713305668
