gap_closing: 1
gap_closing_max_distance: 2.330051622219723
max_distance: 0.5832267853857828
