division_recovery: -1
predicted_ratio: 0.5686091686091687
target_effectiveness: 0.24334652654565306
track_purity: 0.39766899766899766
true_ratio: 0.49938583321959873
union_ratio: 0.362169652578442
