mitotic_branching_correctness: -1
precision: 0.5686091686091687
target_effectiveness: 0.24334652654565306
track_purity: 0.39766899766899766
true_positive_rate: 0.49938583321959873
Jaccard_index: 0.362169652578442
