drift_x: 0
drift_y: 0
feature_weight: 0.22156777320085808
gap_closing: 0
max_distance: 1.1411687072180632
segment_connect_max_distance: 1.620359323995746
