drift_x: 0
drift_y: 0
feature_weight: 0.27894315051853585
gap_closing: 0
max_distance: 1.3712519948186142
segment_connect_max_distance: 0.607216992012095
