division_recovery: 0.7012195121951219
predicted_ratio: 0.943089430894309
target_effectiveness: 0.900918798112739
track_purity: 0.8408474993840848
true_ratio: 0.9505835609634964
union_ratio: 0.8990136214185064
