mitotic_branching_correctness: 0.7012195121951219
precision: 0.943089430894309
target_effectiveness: 0.900918798112739
track_purity: 0.8408474993840848
true_positive_rate: 0.9505835609634964
Jaccard_index: 0.8990136214185064
