drift_x: 0
drift_y: 0
gap_closing: 1
gap_closing_max_distance: 17.935036450729434
max_distance: 10.432532580426018
nll_offset: 0.18912029147424847
splitting_max_distance: 20.43509516653893
