gap_closing: 1
gap_closing_max_distance: 2.5782668696434166
max_distance: 0.625827488928153
