division_recovery: -1
predicted_ratio: 0.5002292526364053
target_effectiveness: 0.21193866374589265
track_purity: 0.33623720006113406
true_ratio: 0.4481106243154436
union_ratio: 0.3095328163419709
