division_recovery: -1
predicted_ratio: 0.6000536840692524
target_effectiveness: 0.3098937040065413
track_purity: 0.29928868608240505
true_ratio: 0.6092940855819025
union_ratio: 0.43332041093235124
