gap_closing: 0
gap_closing_max_distance: 0.8264060073799038
max_distance: 1.1984872307745216
