gap_closing: 0
gap_closing_max_distance: 0.9974577203548711
max_distance: 1.0616216229620437
