division_recovery: -1
predicted_ratio: 0.7898107300412693
target_effectiveness: 0.42994189974327796
track_purity: 0.5605521559698307
true_ratio: 0.7498986623429267
union_ratio: 0.6251407974769092
