division_recovery: -1
predicted_ratio: 0.9205003474635163
target_effectiveness: 0.7250821467688937
track_purity: 0.7933287004864489
true_ratio: 0.906763417305586
union_ratio: 0.8409090909090909
