drift_x: 0
drift_y: 0
feature_weight: 0.33376312892989474
gap_closing: 0
max_distance: 1.4893084423687004
segment_connect_max_distance: 1.4818105070033352
