drift_x: 0
drift_y: 0
feature_weight: 0.3581489302871227
gap_closing: 0
max_distance: 1.6524487449770047
segment_connect_max_distance: 1.379687462457247
