drift_x: -19.605498039846687
drift_y: -3.0747876989469494
gap_closing: 0
gap_closing_max_distance: 43.827321635362956
max_distance: 41.308199984997714
splitting_max_distance: 44.35972940436186
