Jaccard_index: 0.8262178434592228
mitotic_branching_correctness: 0.44680851063829785
precision: 0.9243723208818126
target_effectiveness: 0.7816260639859114
track_purity: 0.8631353337415799
true_positive_rate: 0.8861168183152334
