Jaccard_index: 0.9150763358778626
mitotic_branching_correctness: 0.6526315789473685
precision: 0.9443623830625307
target_effectiveness: 0.8988905698436712
track_purity: 0.896110290497292
true_positive_rate: 0.9672213817448311
