drift_x: -14.30110706835343
drift_y: -4.441292240527346
gap_closing: 0
gap_closing_max_distance: 22.38646934489453
max_distance: 37.128939599127236
splitting_max_distance: 33.02059971543648
