Jaccard_index: 0.8448979591836735
mitotic_branching_correctness: 0.43157894736842106
precision: 0.9464766003227542
target_effectiveness: 0.7710539586485123
track_purity: 0.900484131253362
true_positive_rate: 0.8872919818456884
