drift_x: -20.355496706051007
drift_y: -5.267378188605557
gap_closing: 0
gap_closing_max_distance: 33.85135480959357
max_distance: 36.84587811148431
splitting_max_distance: 37.8001307996414
