division_recovery: 0.5957446808510638
predicted_ratio: 0.9289586305278174
target_effectiveness: 0.8869973583798063
track_purity: 0.8758915834522111
true_ratio: 0.9556794834164954
union_ratio: 0.8905908096280087
