mitotic_branching_correctness: 0.5957446808510638
precision: 0.9289586305278174
target_effectiveness: 0.8869973583798063
track_purity: 0.8758915834522111
true_positive_rate: 0.9556794834164954
Jaccard_index: 0.8905908096280087
