division_recovery: 0.3617021276595745
predicted_ratio: 0.9131853785900783
target_effectiveness: 0.6841796301731728
track_purity: 0.8658616187989556
true_ratio: 0.8212503668916936
union_ratio: 0.7617751157092295
