Algorithm: predicted
Segmentation:
Precision: 1.0
Recall: 1
F: 1.0
Tracking:
Precision: 0.9696218226906386
Recall: 0.9589209074187615
F: 0.9642416769420469
Long-time tracking:
Precision: 0.6302521008403361
Recall: 0.5555555555555556
F: 0.5905511811023622