Algorithm: predicted
Segmentation:
Precision: 1.0
Recall: 1
F: 1.0
Tracking:
Precision: 0.9722307929651343
Recall: 0.9659717964438994
F: 0.9690911886821467
Long-time tracking:
Precision: 0.6692913385826772
Recall: 0.6296296296296297
F: 0.648854961832061