Algorithm: predicted
Segmentation:
Precision: 1.0
Recall: 1
F: 1.0
Tracking:
Precision: 0.9709966059858068
Recall: 0.9647455548743102
F: 0.96786098723666
Long-time tracking:
Precision: 0.6614173228346457
Recall: 0.6222222222222222
F: 0.6412213740458015