Algorithm: predicted
Segmentation:
Precision: 1.0
Recall: 1
F: 1.0
Tracking:
Precision: 0.9744143033292232
Recall: 0.9690374003678724
F: 0.9717184137719028
Long-time tracking:
Precision: 0.7007874015748031
Recall: 0.6592592592592592
F: 0.6793893129770993