Algorithm: predicted
Segmentation:
Precision: 1.0
Recall: 1
F: 1.0
Tracking:
Precision: 0.9715873996294009
Recall: 0.964438994481913
F: 0.968
Long-time tracking:
Precision: 0.672
Recall: 0.6222222222222222
F: 0.6461538461538462