Algorithm: predicted
Segmentation:
Precision: 1.0
Recall: 1
F: 1.0
Tracking:
Precision: 0.9671826625386997
Recall: 0.9576946658491723
F: 0.9624152803450401
Long-time tracking:
Precision: 0.6033057851239669
Recall: 0.5407407407407407
F: 0.5703125