Algorithm: predicted
Segmentation:
Precision: 1.0
Recall: 1
F: 1.0
Tracking:
Precision: 0.9722136461870948
Recall: 0.9653586756591048
F: 0.9687740347638825
Long-time tracking:
Precision: 0.68
Recall: 0.6296296296296297
F: 0.6538461538461539