Algorithm: predicted
Segmentation:
Precision: 1.0
Recall: 1
F: 1.0
Tracking:
Precision: 0.9750385208012327
Recall: 0.9699570815450643
F: 0.9724911633625326
Long-time tracking:
Precision: 0.7165354330708661
Recall: 0.674074074074074
F: 0.6946564885496184