Algorithm: predicted
Segmentation:
Precision: 1.0
Recall: 1
F: 1.0
Tracking:
Precision: 0.9724799010513296
Recall: 0.9641324340895157
F: 0.9682881773399015
Long-time tracking:
Precision: 0.680327868852459
Recall: 0.6148148148148148
F: 0.6459143968871596