Algorithm: predicted
Segmentation:
Precision: 1.0
Recall: 1
F: 1.0
Tracking:
Precision: 0.9695273631840796
Recall: 0.9558553034947884
F: 0.9626427909848718
Long-time tracking:
Precision: 0.6578947368421053
Recall: 0.5555555555555556
F: 0.6024096385542169