Algorithm: predicted
Segmentation:
Precision: 1.0
Recall: 1
F: 1.0
Tracking:
Precision: 0.9706799750467873
Recall: 0.9540159411404047
F: 0.9622758194186766
Long-time tracking:
Precision: 0.6728971962616822
Recall: 0.5333333333333333
F: 0.5950413223140496