Algorithm: predicted
Segmentation:
Precision: 1.0
Recall: 1
F: 1.0
Tracking:
Precision: 0.9763076923076923
Recall: 0.9727161250766401
F: 0.9745085995085995
Long-time tracking:
Precision: 0.7076923076923077
Recall: 0.6814814814814815
F: 0.6943396226415094