Algorithm: predicted
Segmentation:
Precision: 1.0
Recall: 1
F: 1.0
Tracking:
Precision: 0.969321351100093
Recall: 0.9589209074187615
F: 0.964093080597935
Long-time tracking:
Precision: 0.625
Recall: 0.5555555555555556
F: 0.5882352941176471