Algorithm: predicted
Segmentation:
Precision: 1.0
Recall: 1
F: 1.0
Tracking:
Precision: 0.9706971005552129
Recall: 0.9647455548743102
F: 0.9677121771217713
Long-time tracking:
Precision: 0.6614173228346457
Recall: 0.6222222222222222
F: 0.6412213740458015