Algorithm: predicted
Segmentation:
Precision: 1.0
Recall: 1
F: 1.0
Tracking:
Precision: 0.9747225647348952
Recall: 0.9693439607602697
F: 0.9720258223178604
Long-time tracking:
Precision: 0.7109375
Recall: 0.674074074074074
F: 0.6920152091254753