Algorithm: predicted
Segmentation:
Precision: 1.0
Recall: 1
F: 1.0
Tracking:
Precision: 0.973172987974098
Recall: 0.967504598405886
F: 0.9703305149884704
Long-time tracking:
Precision: 0.6875
Recall: 0.6518518518518519
F: 0.6692015209125475