Algorithm: predicted
Segmentation:
Precision: 1.0
Recall: 1
F: 1.0
Tracking:
Precision: 0.9769088669950738
Recall: 0.9727161250766401
F: 0.9748079877112135
Long-time tracking:
Precision: 0.7286821705426356
Recall: 0.6962962962962963
F: 0.7121212121212122