Algorithm: predicted
Segmentation:
Precision: 1.0
Recall: 1
F: 1.0
Tracking:
Precision: 0.9698289269051322
Recall: 0.9558553034947884
F: 0.96279141577891
Long-time tracking:
Precision: 0.6576576576576577
Recall: 0.5407407407407407
F: 0.5934959349593496