Algorithm: predicted
Segmentation:
Precision: 1.0
Recall: 1
F: 1.0
Tracking:
Precision: 0.9750385208012327
Recall: 0.9699570815450643
F: 0.9724911633625326
Long-time tracking:
Precision: 0.7086614173228346
Recall: 0.6666666666666666
F: 0.6870229007633588