Algorithm: predicted
Segmentation:
Precision: 1.0
Recall: 1
F: 1.0
Tracking:
Precision: 0.9769443590531817
Recall: 0.9742489270386266
F: 0.9755947812739831
Long-time tracking:
Precision: 0.6992481203007519
Recall: 0.6888888888888889
F: 0.6940298507462687