Algorithm: predicted
Segmentation:
Precision: 1.0
Recall: 1
F: 1.0
Tracking:
Precision: 0.9712962962962963
Recall: 0.9647455548743102
F: 0.9680098431251922
Long-time tracking:
Precision: 0.6666666666666666
Recall: 0.6222222222222222
F: 0.6436781609195402