Algorithm: predicted
Segmentation:
Precision: 1.0
Recall: 1
F: 1.0
Tracking:
Precision: 0.9744064138143694
Recall: 0.9687308399754752
F: 0.9715603382013835
Long-time tracking:
Precision: 0.7063492063492064
Recall: 0.6592592592592592
F: 0.6819923371647509