Algorithm: predicted
Segmentation:
Precision: 1.0
Recall: 1
F: 1.0
Tracking:
Precision: 0.982535575679172
Recall: 0.9313304721030042
F: 0.9562480327352849
Long-time tracking:
Precision: 0.796875
Recall: 0.37777777777777777
F: 0.5125628140703518