Algorithm: predicted
Segmentation:
Precision: 1.0
Recall: 1
F: 1.0
Tracking:
Precision: 0.9746913580246913
Recall: 0.9681177191906806
F: 0.9713934174100277
Long-time tracking:
Precision: 0.7096774193548387
Recall: 0.6518518518518519
F: 0.6795366795366795