Algorithm: predicted
Segmentation:
Precision: 1.0
Recall: 1
F: 1.0
Tracking:
Precision: 0.9712785670166769
Recall: 0.9641324340895157
F: 0.9676923076923077
Long-time tracking:
Precision: 0.664
Recall: 0.6148148148148148
F: 0.6384615384615384