Algorithm: predicted
Segmentation:
Precision: 1.0
Recall: 1
F: 1.0
Tracking:
Precision: 0.9722050648548487
Recall: 0.9650521152667075
F: 0.9686153846153847
Long-time tracking:
Precision: 0.68
Recall: 0.6296296296296297
F: 0.6538461538461539