Algorithm: predicted
Segmentation:
Precision: 1.0
Recall: 1
F: 1.0
Tracking:
Precision: 0.9677719243879764
Recall: 0.957388105456775
F: 0.9625520110957004
Long-time tracking:
Precision: 0.6302521008403361
Recall: 0.5555555555555556
F: 0.5905511811023622