Algorithm: predicted
Segmentation:
Precision: 1.0
Recall: 1
F: 1.0
Tracking:
Precision: 0.9914879128362274
Recall: 0.8927038626609443
F: 0.9395063719954831
Long-time tracking:
Precision: 0.9354838709677419
Recall: 0.21481481481481482
F: 0.3493975903614458