Algorithm: predicted
Segmentation:
Precision: 1.0
Recall: 1
F: 1.0
Tracking:
Precision: 0.9828326180257511
Recall: 0.9828326180257511
F: 0.9828326180257511
Long-time tracking:
Precision: 0.8043478260869565
Recall: 0.8222222222222222
F: 0.8131868131868132