Algorithm: predicted
Segmentation:
Precision: 1.0
Recall: 1
F: 1.0
Tracking:
Precision: 0.9677319267762954
Recall: 0.9561618638871858
F: 0.9619121048573631
Long-time tracking:
Precision: 0.6153846153846154
Recall: 0.5333333333333333
F: 0.5714285714285714