Algorithm: predicted
Segmentation:
Precision: 1.0
Recall: 1
F: 1.0
Tracking:
Precision: 0.97442218798151
Recall: 0.9693439607602697
F: 0.9718764407561088
Long-time tracking:
Precision: 0.703125
Recall: 0.6666666666666666
F: 0.6844106463878327