Algorithm: predicted
Segmentation:
Precision: 1.0
Recall: 1
F: 1.0
Tracking:
Precision: 0.9763440860215054
Recall: 0.9742489270386266
F: 0.9752953813104189
Long-time tracking:
Precision: 0.6940298507462687
Recall: 0.6888888888888889
F: 0.6914498141263941