gap_closing: 0
gap_closing_max_distance: 1.0886900331744278
max_distance: 0.7982755589565185
