gap_closing: 1
gap_closing_max_distance: 1.3603152079412493
max_distance: 0.9663155839902453
