gap_closing: 0
gap_closing_max_distance: 0.9702032973129167
max_distance: 0.9661950537556958
