Jaccard_index: 0.8238678090575275
mitotic_branching_correctness: -1
precision: 0.9021578876826163
target_effectiveness: 0.7005376344086022
track_purity: 0.7048652995577
true_positive_rate: 0.9047043010752688
