drift_x: 0
drift_y: 0
feature_weight: 0.5327505912603835
gap_closing: 0
max_distance: 1.9451270324287169
segment_connect_max_distance: 2.143411526472796
