gap_closing: 0
gap_closing_max_distance: 2.0097851529731807
max_distance: 1.1626396182929881
