drift_x: 0
drift_y: 0
feature_weight: 0.4367371912925503
gap_closing: 0
max_distance: 1.9016995051069507
segment_connect_max_distance: 2.082766215799845
