mitotic_branching_correctness: -1
precision: 0.9582319545823196
target_effectiveness: 0.8695534138726755
track_purity: 0.8637469586374696
true_positive_rate: 0.9622641509433962
Jaccard_index: 0.9235278791036998
