mitotic_branching_correctness: -1
precision: 0.9889755310567356
target_effectiveness: 0.9544354838709678
track_purity: 0.96020435600968
true_positive_rate: 0.9887096774193549
Jaccard_index: 0.977931401223079
