division_recovery: -1
predicted_ratio: 0.9889755310567356
target_effectiveness: 0.9544354838709678
track_purity: 0.96020435600968
true_ratio: 0.9887096774193549
union_ratio: 0.977931401223079
