drift_x: 0
drift_y: 0
feature_weight: 0.2738169252999345
gap_closing: 0
max_distance: 1.162271121381404
segment_connect_max_distance: 0.5656108485384936
