division_recovery: 0.6736842105263158
predicted_ratio: 0.9770632807700185
target_effectiveness: 0.9520674758280189
track_purity: 0.9473684210526315
true_ratio: 0.9814852910923678
union_ratio: 0.9593806555399156
