drift_x: -13.470809472687899
drift_y: -4.985558977044131
gap_closing: 0
gap_closing_max_distance: 32.10476763926557
max_distance: 28.692497552005584
splitting_max_distance: 24.267367994208627
