mitotic_branching_correctness: 0.6736842105263158
precision: 0.9770632807700185
target_effectiveness: 0.9520674758280189
track_purity: 0.9473684210526315
true_positive_rate: 0.9814852910923678
Jaccard_index: 0.9593806555399156
