division_recovery: 0.3894736842105263
predicted_ratio: 0.9671371857079841
target_effectiveness: 0.7885208804772681
track_purity: 0.9303043670048522
true_ratio: 0.9020777617774121
union_ratio: 0.875249500998004
