gap_closing: 0
gap_closing_max_distance: 0.701182716585887
max_distance: 0.7975909945225799
