Algorithm: predicted
Segmentation:
Precision: 0.9589201877934272
Recall: 1
F: 0.9790293588975434
Tracking:
Precision: 1.0
Recall: 1
F: 1.0
Long-time tracking:
Precision: 1.0
Recall: 1
F: 1.0