mitotic_branching_correctness: -1
precision: 0.9669221460266236
target_effectiveness: 0.9079854073773814
track_purity: 0.8974048675541213
true_positive_rate: 0.9716254560194568
Jaccard_index: 0.9403687720674775
