division_recovery: -1
predicted_ratio: 0.9669221460266236
target_effectiveness: 0.9079854073773814
track_purity: 0.8974048675541213
true_ratio: 0.9716254560194568
union_ratio: 0.9403687720674775
