drift_x: 0
drift_y: 0
feature_weight: 0.355923320051833
gap_closing: 0
max_distance: 1.7946575048781404
segment_connect_max_distance: 0.69704206208523
