gap_closing: 0
gap_closing_max_distance: 0.5074211081494272
max_distance: 0.7977839639065198
