gap_closing: 0
gap_closing_max_distance: 0.6501323774156199
max_distance: 0.9660485284832051
