drift_x: 0
drift_y: 0
feature_weight: 0.47714630742054914
gap_closing: 0
max_distance: 2.4073435164608927
segment_connect_max_distance: 1.783513557436299
