gap_closing: 0
gap_closing_max_distance: 26.199913269946272
max_distance: 41.552122320233394
splitting_max_distance: 42.34713738478155
