mitotic_branching_correctness: 0.37894736842105264
precision: 0.7995396526469973
target_effectiveness: 0.5605842419255297
track_purity: 0.6919857710818162
true_positive_rate: 0.7860522526229171
Jaccard_index: 0.6566420347138684
