gap_closing: 1
gap_closing_max_distance: 1.425862876193762
max_distance: 1.1982136206635194
