Jaccard_index: 0.43332041093235124
mitotic_branching_correctness: -1
precision: 0.6000536840692524
target_effectiveness: 0.3098937040065413
track_purity: 0.29928868608240505
true_positive_rate: 0.6092940855819025
