drift_x: 0
drift_y: 0
gap_closing: 1
gap_closing_max_distance: 20.74371616721769
max_distance: 6.858447007170623
nll_offset: 0.4075168433768556
splitting_max_distance: 18.989985523801238
