division_recovery: 0.6798780487804879
predicted_ratio: 0.9404791306495431
target_effectiveness: 0.8912341693568413
track_purity: 0.8352679673993578
true_ratio: 0.9456170846784206
union_ratio: 0.8922211808809747
