mitotic_branching_correctness: 0.6798780487804879
precision: 0.9404791306495431
target_effectiveness: 0.8912341693568413
track_purity: 0.8352679673993578
true_positive_rate: 0.9456170846784206
Jaccard_index: 0.8922211808809747
