drift_x: 0
drift_y: 0
feature_weight: 0.45616340517609105
gap_closing: 0
max_distance: 1.9908143941141265
segment_connect_max_distance: 2.2563587944552737
