mitotic_branching_correctness: 0.3157894736842105
precision: 0.7165450121654501
target_effectiveness: 0.5325264750378215
track_purity: 0.5559610705596107
true_positive_rate: 0.7425617750882502
Jaccard_index: 0.5739621906061196
