gap_closing: 0
gap_closing_max_distance: 27.93356196672198
max_distance: 41.38720856732511
splitting_max_distance: 42.78945694238189
