division_recovery: 0.3157894736842105
predicted_ratio: 0.7165450121654501
target_effectiveness: 0.5325264750378215
track_purity: 0.5559610705596107
true_ratio: 0.7425617750882502
union_ratio: 0.5739621906061196
