mitotic_branching_correctness: 0.3263157894736842
precision: 0.6953626048347311
target_effectiveness: 0.4929399899142713
track_purity: 0.555007400098668
true_positive_rate: 0.710791729702471
Jaccard_index: 0.5420111517015959
