division_recovery: 0.3263157894736842
predicted_ratio: 0.6953626048347311
target_effectiveness: 0.4929399899142713
track_purity: 0.555007400098668
true_ratio: 0.710791729702471
union_ratio: 0.5420111517015959
