division_recovery: -1
predicted_ratio: 0.44536299413798286
target_effectiveness: 0.1904566022213081
track_purity: 0.2825792875394559
true_ratio: 0.4062799945152886
union_ratio: 0.2697805699717746
