gap_closing: 1
gap_closing_max_distance: 2.85124611238521
max_distance: 0.6559720354218183
