gap_closing: 0
gap_closing_max_distance: 1.5162224362824757
max_distance: 1.1582793416004038
