division_recovery: -1
predicted_ratio: 0.6954887218045113
target_effectiveness: 0.3887606895615583
track_purity: 0.3861439312567132
true_ratio: 0.7031356047237681
union_ratio: 0.5376232485729112
