mitotic_branching_correctness: -1
precision: 0.6954887218045113
target_effectiveness: 0.3887606895615583
track_purity: 0.3861439312567132
true_positive_rate: 0.7031356047237681
Jaccard_index: 0.5376232485729112
