division_recovery: -1
predicted_ratio: 0.6930596285434996
target_effectiveness: 0.35957648975159495
track_purity: 0.42829213796955734
true_ratio: 0.67367992398534
union_ratio: 0.5188708834291689
