gap_closing: 1
gap_closing_max_distance: 4.2198755870637275
max_distance: 14.336455563939436
splitting_max_distance: 17.54247453877371
