mitotic_branching_correctness: -1
precision: 0.9610794684024953
target_effectiveness: 0.8612732455544998
track_purity: 0.8675074586384595
true_positive_rate: 0.9619926700149315
Jaccard_index: 0.9259210870133263
