drift_x: 0
drift_y: 0
feature_weight: 0.35221900663041106
gap_closing: 0
max_distance: 1.5524742082343317
segment_connect_max_distance: 1.338883691006798
