division_recovery: -1
predicted_ratio: 0.9610794684024953
target_effectiveness: 0.8612732455544998
track_purity: 0.8675074586384595
true_ratio: 0.9619926700149315
union_ratio: 0.9259210870133263
