gap_closing: 0
gap_closing_max_distance: 0.9779574898164264
max_distance: 1.2002113673188393
