gap_closing: 1
gap_closing_max_distance: 2.4458802519751117
max_distance: 0.6565757960055124
