gap_closing: 0
gap_closing_max_distance: 37.81360303829655
max_distance: 15.054640353337037
splitting_max_distance: 17.078413296610304
