mitotic_branching_correctness: 0.5426829268292683
precision: 0.9448877805486284
target_effectiveness: 0.9024087409982617
track_purity: 0.7905236907730673
true_positive_rate: 0.9408989322075987
Jaccard_index: 0.8919491525423728
