division_recovery: 0.5426829268292683
predicted_ratio: 0.9448877805486284
target_effectiveness: 0.9024087409982617
track_purity: 0.7905236907730673
true_ratio: 0.9408989322075987
union_ratio: 0.8919491525423728
