division_recovery: -1
predicted_ratio: 0.9586486486486486
target_effectiveness: 0.8635808334464504
track_purity: 0.8568918918918919
true_ratio: 0.9629428532645582
union_ratio: 0.9245405968982146
