drift_x: 0
drift_y: 0
feature_weight: 0.3317605254333639
gap_closing: 0
max_distance: 1.661090686752156
segment_connect_max_distance: 2.3422486345388362
