gap_closing: 0
gap_closing_max_distance: 19.880425089255848
max_distance: 34.29407593513163
splitting_max_distance: 21.539731665607736
