Jaccard_index: 0.7870003051571559
mitotic_branching_correctness: 0.4375
precision: 0.9003316460115204
target_effectiveness: 0.6615410329266255
track_purity: 0.8336533426426951
true_positive_rate: 0.8621093097108474
