drift_x: 0
drift_y: 0
feature_weight: 0.3525291521175228
gap_closing: 0
max_distance: 1.4505940898584544
segment_connect_max_distance: 1.1442026394040596
