drift_x: 0
drift_y: 0
feature_weight: 0.290908398425503
gap_closing: 0
max_distance: 1.3134182632548028
segment_connect_max_distance: 0.8986492207477284
