Jaccard_index: 0.9477769008155749
mitotic_branching_correctness: -1
precision: 0.9728598433702403
target_effectiveness: 0.9087961086339684
track_purity: 0.9091277342695112
true_positive_rate: 0.9735170922848264
