Algorithm: predicted
Segmentation:
Precision: 1.0
Recall: 1
F: 1.0
Tracking:
Precision: 1.0
Recall: 0.6986666666666667
F: 0.8226059654631083
Long-time tracking:
Precision: 1.0
Recall: 0.30303030303030304
F: 0.46511627906976744