Algorithm: predicted
Segmentation:
Precision: 1.0
Recall: 1
F: 1.0
Tracking:
Precision: 1.0
Recall: 0.9306666666666666
F: 0.9640883977900553
Long-time tracking:
Precision: 1.0
Recall: 0.7272727272727273
F: 0.8421052631578947