Algorithm: predicted
Segmentation:
Precision: 1.0
Recall: 1
F: 1.0
Tracking:
Precision: 1.0
Recall: 0.9946666666666667
F: 0.9973262032085561
Long-time tracking:
Precision: 0.96875
Recall: 0.9393939393939394
F: 0.9538461538461539