Algorithm: predicted
Segmentation:
Precision: 1.0
Recall: 1
F: 1.0
Tracking:
Precision: 1.0
Recall: 0.9813333333333333
F: 0.990578734858681
Long-time tracking:
Precision: 1.0
Recall: 0.8787878787878788
F: 0.9354838709677419