Algorithm: predicted
Segmentation:
Precision: 1.0
Recall: 1
F: 1.0
Tracking:
Precision: 1.0
Recall: 0.9653333333333334
F: 0.9823609226594301
Long-time tracking:
Precision: 1.0
Recall: 0.8484848484848485
F: 0.9180327868852459