Algorithm: predicted
Segmentation:
Precision: 1.0
Recall: 1
F: 1.0
Tracking:
Precision: 1.0
Recall: 0.9733333333333334
F: 0.9864864864864865
Long-time tracking:
Precision: 1.0
Recall: 0.8484848484848485
F: 0.9180327868852459