Algorithm: predicted
Segmentation:
Precision: 1.0
Recall: 1
F: 1.0
Tracking:
Precision: 1.0
Recall: 0.9866666666666667
F: 0.9932885906040269
Long-time tracking:
Precision: 1.0
Recall: 0.9090909090909091
F: 0.9523809523809523