gap_closing: 0
gap_closing_max_distance: 8.662860403686379
max_distance: 16.188483196173145
splitting_max_distance: 16.040636431780026
