Jaccard_index: 0.998772353398535
mitotic_branching_correctness: 0.8229166666666666
precision: 0.999877099549365
target_effectiveness: 0.9949251043627731
track_purity: 0.991274068004916
true_positive_rate: 0.9988949824015716
