drift_x: 0
drift_y: 0
feature_weight: 0.2404309746199207
gap_closing: 0
max_distance: 0.9727296858068815
segment_connect_max_distance: 0.5288568689049322
