mitotic_branching_correctness: -1
precision: 0.9046052631578947
target_effectiveness: 0.7060472567080497
track_purity: 0.6721052631578948
true_positive_rate: 0.9177679882525698
Jaccard_index: 0.8367818889970788
