gap_closing: 1
gap_closing_max_distance: 0.8656890181293129
max_distance: 1.0614996260114273
