drift_x: 0
drift_y: 0
feature_weight: 0.38223588627778293
gap_closing: 0
max_distance: 1.7041656302199957
segment_connect_max_distance: 1.2756563124089288
