Jaccard_index: 0.8640132669983416
mitotic_branching_correctness: -1
precision: 0.9267925561029009
target_effectiveness: 0.7880613362541073
track_purity: 0.8091133004926109
true_positive_rate: 0.9273001095290252
