drift_x: 0
drift_y: 0
feature_weight: 0.36453798791005787
gap_closing: 0
max_distance: 1.6088991629555165
segment_connect_max_distance: 0.9945755273370702
