division_recovery: -1
predicted_ratio: 0.9690152229556783
target_effectiveness: 0.9060937711120118
track_purity: 0.8989626835511249
true_ratio: 0.9718956897716525
union_ratio: 0.9426025422618267
