mitotic_branching_correctness: -1
precision: 0.9690152229556783
target_effectiveness: 0.9060937711120118
track_purity: 0.8989626835511249
true_positive_rate: 0.9718956897716525
Jaccard_index: 0.9426025422618267
