gap_closing: 0
gap_closing_max_distance: 2.290395517231219
max_distance: 1.1198618208496602
