gap_closing: 1
gap_closing_max_distance: 8.17093703373239
max_distance: 12.940032383804041
splitting_max_distance: 15.958260201583835
