mitotic_branching_correctness: -1
precision: 0.5671779141104294
target_effectiveness: 0.24757745325508393
track_purity: 0.3889570552147239
true_positive_rate: 0.5047086119830763
Jaccard_index: 0.3643708739777318
