division_recovery: -1
predicted_ratio: 0.5671779141104294
target_effectiveness: 0.24757745325508393
track_purity: 0.3889570552147239
true_ratio: 0.5047086119830763
union_ratio: 0.3643708739777318
