gap_closing: 1
gap_closing_max_distance: 2.53817242537763
max_distance: 0.5818088118311061
