gap_closing: 1
gap_closing_max_distance: 2.004232333676139
max_distance: 1.1983571949467495
