drift_x: 0
drift_y: 0
feature_weight: 0.46193114178856826
gap_closing: 0
max_distance: 1.7756951323567745
segment_connect_max_distance: 2.5368747521869297
