gap_closing: 1
gap_closing_max_distance: 2.055262183397357
max_distance: 1.1982642297288415
