Algorithm: predicted
Segmentation:
Precision: 1.0
Recall: 1
F: 1.0
Tracking:
Precision: 1.0
Recall: 0.7753623188405797
F: 0.8734693877551021
Long-time tracking:
Precision: 0
Recall: 0.0
F: 0.0