Algorithm: predicted
Segmentation:
Precision: 1.0
Recall: 1
F: 1.0
Tracking:
Precision: 1.0
Recall: 0.9492753623188406
F: 0.9739776951672863
Long-time tracking:
Precision: 1.0
Recall: 0.25
F: 0.4