Algorithm: predicted
Segmentation:
Precision: 1.0
Recall: 1
F: 1.0
Tracking:
Precision: 1.0
Recall: 0.9782608695652174
F: 0.989010989010989
Long-time tracking:
Precision: 1.0
Recall: 0.5
F: 0.6666666666666666