Algorithm: predicted
Segmentation:
Precision: 1.0
Recall: 1
F: 1.0
Tracking:
Precision: 1.0
Recall: 0.9855072463768116
F: 0.9927007299270073
Long-time tracking:
Precision: 1.0
Recall: 0.75
F: 0.8571428571428571