mitotic_branching_correctness: 0.5701219512195121
precision: 0.9459795867562858
target_effectiveness: 0.9058852743978147
track_purity: 0.8028379387602689
true_positive_rate: 0.9436304941643904
Jaccard_index: 0.8953817153628653
