division_recovery: 0.5701219512195121
predicted_ratio: 0.9459795867562858
target_effectiveness: 0.9058852743978147
track_purity: 0.8028379387602689
true_ratio: 0.9436304941643904
union_ratio: 0.8953817153628653
