gap_closing: 1
gap_closing_max_distance: 34.39751943694777
max_distance: 12.322248869208243
splitting_max_distance: 16.88038343956339
