mitotic_branching_correctness: 0.13109756097560976
precision: 0.9676454594888526
target_effectiveness: 0.8537372734045195
track_purity: 0.7702555736813486
true_positive_rate: 0.8837844549292277
Jaccard_index: 0.8584177520501688
