division_recovery: 0.13109756097560976
predicted_ratio: 0.9676454594888526
target_effectiveness: 0.8537372734045195
track_purity: 0.7702555736813486
true_ratio: 0.8837844549292277
union_ratio: 0.8584177520501688
