drift_x: 0
drift_y: 0
feature_weight: 0.30888579653789217
gap_closing: 0
max_distance: 1.547167548542155
segment_connect_max_distance: 1.9155677543465914
