division_recovery: -1
predicted_ratio: 0.5678252845278375
target_effectiveness: 0.24525726764023476
track_purity: 0.3915718240541372
true_ratio: 0.5038897229425413
union_ratio: 0.36421031863470454
