gap_closing: 1
gap_closing_max_distance: 2.495798966072769
max_distance: 0.5788602338463605
