gap_closing: 1
gap_closing_max_distance: 2.5126302313789113
max_distance: 0.6561361210408064
