division_recovery: -1
predicted_ratio: 0.4489640463132236
target_effectiveness: 0.18977101330042506
track_purity: 0.2926569165143205
true_ratio: 0.4040861099684629
union_ratio: 0.2701191567369386
