mitotic_branching_correctness: -1
precision: 0.4489640463132236
target_effectiveness: 0.18977101330042506
track_purity: 0.2926569165143205
true_positive_rate: 0.4040861099684629
Jaccard_index: 0.2701191567369386
