division_recovery: -1
predicted_ratio: 0.40416386836803225
target_effectiveness: 0.19854655148772796
track_purity: 0.18925453324378777
true_ratio: 0.4125874125874126
union_ratio: 0.2565436098559127
