mitotic_branching_correctness: 0.5640243902439024
precision: 0.9445273631840796
target_effectiveness: 0.9034020362552769
track_purity: 0.7985074626865671
true_positive_rate: 0.942885522721629
Jaccard_index: 0.8934117647058823
