division_recovery: 0.5640243902439024
predicted_ratio: 0.9445273631840796
target_effectiveness: 0.9034020362552769
track_purity: 0.7985074626865671
true_ratio: 0.942885522721629
union_ratio: 0.8934117647058823
