gap_closing: 1
gap_closing_max_distance: 32.43807582878559
max_distance: 14.146561722800364
splitting_max_distance: 17.279044312963773
