mitotic_branching_correctness: -1
precision: 0.9415760869565217
target_effectiveness: 0.8227037339874625
track_purity: 0.8230978260869565
true_positive_rate: 0.9443990188062142
Jaccard_index: 0.8921215242018538
