division_recovery: -1
predicted_ratio: 0.9415760869565217
target_effectiveness: 0.8227037339874625
track_purity: 0.8230978260869565
true_ratio: 0.9443990188062142
union_ratio: 0.8921215242018538
