drift_x: 0
drift_y: 0
feature_weight: 0.39085671642351294
gap_closing: 0
max_distance: 1.7089272395819768
segment_connect_max_distance: 1.3227916428656428
