mitotic_branching_correctness: 0.7368421052631579
precision: 0.9763906056860321
target_effectiveness: 0.9298069691652043
track_purity: 0.9490729295426452
true_positive_rate: 0.9900977688643771
Jaccard_index: 0.9669482188762395
