division_recovery: 0.7368421052631579
predicted_ratio: 0.9763906056860321
target_effectiveness: 0.9298069691652043
track_purity: 0.9490729295426452
true_ratio: 0.9900977688643771
union_ratio: 0.9669482188762395
