gap_closing: 0
gap_closing_max_distance: 10.590481808879414
max_distance: 36.72079776230932
splitting_max_distance: 32.10435193105393
