drift_x: 0
drift_y: 0
gap_closing: 1
gap_closing_max_distance: 28.34758247289698
max_distance: 11.694219710232407
nll_offset: 0.31179145305258843
splitting_max_distance: 20.92513832589544
