Jaccard_index: 0.5638442162371633
mitotic_branching_correctness: 0.3263157894736842
precision: 0.7088915956151035
target_effectiveness: 0.5156328794755421
track_purity: 0.5493300852618758
true_positive_rate: 0.7337367624810892
