gap_closing: 0
gap_closing_max_distance: 41.22483541722666
max_distance: 38.50059687004415
splitting_max_distance: 38.927207877977516
