Jaccard_index: 0.5146355462024106
mitotic_branching_correctness: 0.3157894736842105
precision: 0.6808402935965578
target_effectiveness: 0.4682299546142209
track_purity: 0.5611237661351557
true_positive_rate: 0.6782652546646495
