gap_closing: 1
gap_closing_max_distance: 2.497604497247225
max_distance: 0.656401626832039
