division_recovery: -1
predicted_ratio: 0.4487120865721689
target_effectiveness: 0.18922254216371864
track_purity: 0.29248590153939946
true_ratio: 0.4036747566159331
union_ratio: 0.2698441796516957
