mitotic_branching_correctness: -1
precision: 0.4487120865721689
target_effectiveness: 0.18922254216371864
track_purity: 0.29248590153939946
true_positive_rate: 0.4036747566159331
Jaccard_index: 0.2698441796516957
