drift_x: 0
drift_y: 0
gap_closing: 1
gap_closing_max_distance: 15.614315853417375
max_distance: 7.924733001497771
nll_offset: 0.24015120522422537
splitting_max_distance: 19.398336324227017
