division_recovery: 0.6859756097560976
predicted_ratio: 0.9433588919119466
target_effectiveness: 0.893965731313633
track_purity: 0.8417017066534751
true_ratio: 0.9471070275639434
union_ratio: 0.8961466165413534
