mitotic_branching_correctness: -1
precision: 0.9022103148024112
target_effectiveness: 0.7013440860215053
track_purity: 0.7042196918955124
true_positive_rate: 0.905241935483871
Jaccard_index: 0.8243574051407588
