gap_closing: 1
gap_closing_max_distance: 1.6408423532679888
max_distance: 0.9672908419438258
