division_recovery: -1
predicted_ratio: 0.9022103148024112
target_effectiveness: 0.7013440860215053
track_purity: 0.7042196918955124
true_ratio: 0.905241935483871
union_ratio: 0.8243574051407588
