division_recovery: -1
predicted_ratio: 0.8824465008675535
target_effectiveness: 0.5157258064516129
track_purity: 0.7270098322729902
true_ratio: 0.8202956989247312
union_ratio: 0.7394886707863807
