gap_closing: 1
gap_closing_max_distance: 2.83710617897702
max_distance: 0.6280083002151235
