division_recovery: -1
predicted_ratio: 0.4974296945872392
target_effectiveness: 0.21371851040525738
track_purity: 0.3273359540368914
true_ratio: 0.45043811610076673
union_ratio: 0.30955965374482497
