mitotic_branching_correctness: -1
precision: 0.4974296945872392
target_effectiveness: 0.21371851040525738
track_purity: 0.3273359540368914
true_positive_rate: 0.45043811610076673
Jaccard_index: 0.30955965374482497
