drift_x: -14.02187106521443
drift_y: 0.41243617067015537
gap_closing: 0
gap_closing_max_distance: 28.487464836582678
max_distance: 37.78424001229659
splitting_max_distance: 26.254060122752783
