Jaccard_index: 0.9471479856402074
mitotic_branching_correctness: 0.6842105263157895
precision: 0.9687882496940025
target_effectiveness: 0.934375642871837
track_purity: 0.9308445532435741
true_positive_rate: 0.976959473359391
