Jaccard_index: 0.8974051896207584
mitotic_branching_correctness: 0.45263157894736844
precision: 0.9679224973089343
target_effectiveness: 0.8292532400740589
track_purity: 0.9319698600645856
true_positive_rate: 0.9249125694301584
