drift_x: -11.51287436586543
drift_y: -1.1655772198522563
gap_closing: 0
gap_closing_max_distance: 29.55480283123244
max_distance: 32.3291366285733
splitting_max_distance: 29.934494525130567
