Jaccard_index: 0.8958058124174373
mitotic_branching_correctness: 0.23958333333333334
precision: 0.9867224445252819
target_effectiveness: 0.7877319070700317
track_purity: 0.9496180429246999
true_positive_rate: 0.9067357512953368
