division_recovery: 0.8947368421052632
predicted_ratio: 0.989188517459923
target_effectiveness: 0.9707946853848082
track_purity: 0.9843419908040263
true_ratio: 0.997743795437453
union_ratio: 0.9869807811531308
