drift_x: -6.982606179866774
drift_y: -0.5305486147321758
gap_closing: 0
gap_closing_max_distance: 23.603013624466488
max_distance: 26.225061757554204
splitting_max_distance: 28.485688126216342
