division_recovery: 0.010526315789473684
predicted_ratio: 0.9984104046242774
target_effectiveness: 0.6792429180245676
track_purity: 0.9793352601156069
true_ratio: 0.8660065179242918
union_ratio: 0.8648141194141945
