gap_closing: 1
gap_closing_max_distance: 2.7243954693755588
max_distance: 0.6202940485381991
