division_recovery: 0.6686567164179105
predicted_ratio: 0.9521834593803367
target_effectiveness: 0.9262899262899262
track_purity: 0.8333739936569895
true_ratio: 0.9589680589680589
union_ratio: 0.9149085794655415
