drift_x: 0
drift_y: 0
gap_closing: 0
gap_closing_max_distance: 40.80096889791627
max_distance: 13.013021643301128
nll_offset: 0.3494165423226403
splitting_max_distance: 19.254471000031106
