drift_x: 0
drift_y: 0
feature_weight: 0.600291134613771
gap_closing: 0
max_distance: 2.3442612227342607
segment_connect_max_distance: 2.0677309697370037
