division_recovery: -1
predicted_ratio: 0.9198151671649905
target_effectiveness: 0.7990142387732749
track_purity: 0.7917912476216363
true_ratio: 0.9266155531215772
union_ratio: 0.8573600202685584
