gap_closing: 1
gap_closing_max_distance: 23.778393986539385
max_distance: 13.746159960660968
splitting_max_distance: 17.414252689802176
