division_recovery: 0.6310975609756098
predicted_ratio: 0.9450522128294381
target_effectiveness: 0.9034020362552769
track_purity: 0.8286921929388364
true_ratio: 0.9438788179786441
union_ratio: 0.894774011299435
