mitotic_branching_correctness: 0.6310975609756098
precision: 0.9450522128294381
target_effectiveness: 0.9034020362552769
track_purity: 0.8286921929388364
true_positive_rate: 0.9438788179786441
Jaccard_index: 0.894774011299435
