drift_x: 0
drift_y: 0
gap_closing: 1
gap_closing_max_distance: 18.379524143126133
max_distance: 9.736496725242683
nll_offset: 0.27052388122079596
splitting_max_distance: 17.648136945117393
