gap_closing: 1
gap_closing_max_distance: 1.6770533911552272
max_distance: 1.201826337866646
