division_recovery: -1
predicted_ratio: 0.8942978257896896
target_effectiveness: 0.7216508981214863
track_purity: 0.7302064816080952
true_ratio: 0.8967503085150144
union_ratio: 0.8108108108108109
