mitotic_branching_correctness: -1
precision: 0.8942978257896896
target_effectiveness: 0.7216508981214863
track_purity: 0.7302064816080952
true_positive_rate: 0.8967503085150144
Jaccard_index: 0.8108108108108109
