drift_x: 0
drift_y: 0
feature_weight: 0.501955117171083
gap_closing: 0
max_distance: 1.9606287576669232
segment_connect_max_distance: 2.2784642015485916
