gap_closing: 0
gap_closing_max_distance: 0.4921599106705964
max_distance: 0.7997923001340337
