division_recovery: -1
predicted_ratio: 0.9424959216965743
target_effectiveness: 0.8318547836768118
track_purity: 0.8239532354540511
true_ratio: 0.9462262863382012
union_ratio: 0.8945806451612903
