drift_x: 0
drift_y: 0
feature_weight: 0.4532840070156263
gap_closing: 0
max_distance: 1.9835304931464468
segment_connect_max_distance: 2.251106460000546
