mitotic_branching_correctness: -1
precision: 0.9424959216965743
target_effectiveness: 0.8318547836768118
track_purity: 0.8239532354540511
true_positive_rate: 0.9462262863382012
Jaccard_index: 0.8945806451612903
