division_recovery: -1
predicted_ratio: 0.49828541281983646
target_effectiveness: 0.2530367135253173
track_purity: 0.21959905038248484
true_ratio: 0.5156271325235431
union_ratio: 0.3394124517114365
