drift_x: 0
drift_y: 0
feature_weight: 0.3909697484645043
gap_closing: 0
max_distance: 1.9536859372835205
segment_connect_max_distance: 1.9337969566310913
