Jaccard_index: 0.8883040184876108
mitotic_branching_correctness: -1
precision: 0.9374068554396423
target_effectiveness: 0.8203903371093216
track_purity: 0.8065302804498036
true_positive_rate: 0.9443155452436195
