Jaccard_index: 0.3394124517114365
mitotic_branching_correctness: -1
precision: 0.49828541281983646
target_effectiveness: 0.2530367135253173
track_purity: 0.21959905038248484
true_positive_rate: 0.5156271325235431
