division_recovery: -1
predicted_ratio: 0.996930468437208
target_effectiveness: 0.9878520891736751
track_purity: 0.9875884158547978
true_ratio: 0.9971966359631558
union_ratio: 0.9941442640404579
