mitotic_branching_correctness: -1
precision: 0.996930468437208
target_effectiveness: 0.9878520891736751
track_purity: 0.9875884158547978
true_positive_rate: 0.9971966359631558
Jaccard_index: 0.9941442640404579
