drift_x: 0
drift_y: 0
feature_weight: 0.19584874437999722
gap_closing: 0
max_distance: 1.0454269989810363
segment_connect_max_distance: 1.1790097501948573
