mitotic_branching_correctness: -1
precision: 0.4442249240121581
target_effectiveness: 0.18565747977512684
track_purity: 0.2857142857142857
true_positive_rate: 0.4007952831482243
Jaccard_index: 0.26694063926940637
