gap_closing: 1
gap_closing_max_distance: 2.4025106633935893
max_distance: 0.6910414781066416
