Jaccard_index: 0.9764721520669946
mitotic_branching_correctness: -1
precision: 0.9888275676403284
target_effectiveness: 0.9502688172043011
track_purity: 0.9605599676941715
true_positive_rate: 0.9873655913978494
