drift_x: 0
drift_y: 0
feature_weight: 0.2809293226325482
gap_closing: 0
max_distance: 1.115719589924661
segment_connect_max_distance: 0.3951140162781629
