Jaccard_index: 0.7104514955077903
mitotic_branching_correctness: -1
precision: 0.8219736842105263
target_effectiveness: 0.5576612903225806
track_purity: 0.5186842105263157
true_positive_rate: 0.8396505376344086
