drift_x: 0
drift_y: 0
feature_weight: 0.43395176682825887
gap_closing: 0
max_distance: 1.890727599176867
segment_connect_max_distance: 1.9427777973943632
