division_recovery: -1
predicted_ratio: 0.9858004018754186
target_effectiveness: 0.9568548387096775
track_purity: 0.9517749497655726
true_ratio: 0.9891129032258065
union_ratio: 0.9752186588921283
