drift_x: 0
drift_y: 0
feature_weight: 0.25746676877184926
gap_closing: 0
max_distance: 1.4191180994760397
segment_connect_max_distance: 0.3710306603631783
