division_recovery: -1
predicted_ratio: 0.8219736842105263
target_effectiveness: 0.5576612903225806
track_purity: 0.5186842105263157
true_ratio: 0.8396505376344086
union_ratio: 0.7104514955077903
