division_recovery: -1
predicted_ratio: 0.5674375291013503
target_effectiveness: 0.24293708202538555
track_purity: 0.3960887785193233
true_ratio: 0.49897638869933125
union_ratio: 0.36147913782875224
