gap_closing: 1
gap_closing_max_distance: 2.3441238791346763
max_distance: 0.5843411028358777
