mitotic_branching_correctness: -1
precision: 0.5674375291013503
target_effectiveness: 0.24293708202538555
track_purity: 0.3960887785193233
true_positive_rate: 0.49897638869933125
Jaccard_index: 0.36147913782875224
