drift_x: 0
drift_y: 0
feature_weight: 0.43450320368563905
gap_closing: 0
max_distance: 1.998386442255578
segment_connect_max_distance: 0.9232552436308717
