division_recovery: -1
predicted_ratio: 0.6569698565223114
target_effectiveness: 0.3652775892493552
track_purity: 0.32578649466894827
true_ratio: 0.6774806569838469
union_ratio: 0.5004512182893813
