gap_closing: 0
gap_closing_max_distance: 0.7449716012197606
max_distance: 1.0237790981948267
