Jaccard_index: 0.9593803366674799
mitotic_branching_correctness: 0.7789473684210526
precision: 0.9727891156462585
target_effectiveness: 0.9049887189771872
track_purity: 0.9531230674087817
true_positive_rate: 0.9858360491351216
