gap_closing: 0
gap_closing_max_distance: 33.950983040468074
max_distance: 20.945141681528174
splitting_max_distance: 30.78911632610084
