gap_closing: 1
gap_closing_max_distance: 2.492234962489107
max_distance: 0.6561341953426699
