gap_closing: 1
gap_closing_max_distance: 1.833796490891959
max_distance: 1.1213132681886664
