mitotic_branching_correctness: -1
precision: 0.5199405164255779
target_effectiveness: 0.2604067148901324
track_purity: 0.2548330404217926
true_positive_rate: 0.5249078749829398
Jaccard_index: 0.35355763927192496
