drift_x: -15.669193242827538
drift_y: -0.1736186032769922
gap_closing: 0
gap_closing_max_distance: 18.100934472034012
max_distance: 38.21678631309841
splitting_max_distance: 43.30642143231672
