mitotic_branching_correctness: 0.6947368421052632
precision: 0.930908203125
target_effectiveness: 0.8993948562783661
track_purity: 0.89453125
true_positive_rate: 0.9614220877458396
Jaccard_index: 0.8973876206166157
