division_recovery: 0.3473684210526316
predicted_ratio: 0.9455724760293288
target_effectiveness: 0.7072617246596067
track_purity: 0.8996051889452905
true_ratio: 0.8454362077660111
union_ratio: 0.8062034142822794
