mitotic_branching_correctness: 0.3473684210526316
precision: 0.9455724760293288
target_effectiveness: 0.7072617246596067
track_purity: 0.8996051889452905
true_positive_rate: 0.8454362077660111
Jaccard_index: 0.8062034142822794
