gap_closing: 0
gap_closing_max_distance: 55.38261431084675
max_distance: 41.866827482426125
splitting_max_distance: 45.21273159649522
