drift_x: -15.067900460044008
drift_y: -4.572143276900955
gap_closing: 0
gap_closing_max_distance: 33.38419526012408
max_distance: 30.986709489364763
splitting_max_distance: 29.555230753827622
