gap_closing: 0
gap_closing_max_distance: 24.94313608119711
max_distance: 23.311013683164347
splitting_max_distance: 22.170503797158496
