division_recovery: 0.03125
predicted_ratio: 0.997835294117647
target_effectiveness: 0.6392663609837432
track_purity: 0.9742117647058823
true_ratio: 0.8838682784493539
union_ratio: 0.8821767348976535
