mitotic_branching_correctness: 0.03125
precision: 0.997835294117647
target_effectiveness: 0.6392663609837432
track_purity: 0.9742117647058823
true_positive_rate: 0.8838682784493539
Jaccard_index: 0.8821767348976535
