drift_x: 0
drift_y: 0
feature_weight: 0.46758459050334267
gap_closing: 0
max_distance: 1.8178076291397554
segment_connect_max_distance: 1.764695143300381
