division_recovery: -1
predicted_ratio: 0.9277602955260638
target_effectiveness: 0.7928532311062432
track_purity: 0.8102339581338076
true_ratio: 0.928395399780942
union_ratio: 0.8658069458631257
