division_recovery: -1
predicted_ratio: 0.8135752688172043
target_effectiveness: 0.5320902580732334
track_purity: 0.5326612903225807
true_ratio: 0.8178624510201324
union_ratio: 0.6887801547564861
