gap_closing: 1
gap_closing_max_distance: 1.799906549875527
max_distance: 1.0630168991561657
