mitotic_branching_correctness: -1
precision: 0.8135752688172043
target_effectiveness: 0.5320902580732334
track_purity: 0.5326612903225807
true_positive_rate: 0.8178624510201324
Jaccard_index: 0.6887801547564861
