gap_closing: 0
gap_closing_max_distance: 25.649006302676316
max_distance: 24.96430144734915
splitting_max_distance: 27.215703477437547
