Jaccard_index: 0.9013814913448736
mitotic_branching_correctness: 0.03125
precision: 0.9980648728345005
target_effectiveness: 0.6911213005418925
track_purity: 0.9733689642462219
true_positive_rate: 0.9029595664860358
