gap_closing: 0
gap_closing_max_distance: 1.016132475238044
max_distance: 0.798662389010315
