mitotic_branching_correctness: -1
precision: 0.5999731615673645
target_effectiveness: 0.3107113654946852
track_purity: 0.2999194847020934
true_positive_rate: 0.6092940855819025
Jaccard_index: 0.4332784184514003
