gap_closing: 0
gap_closing_max_distance: 1.442333698769908
max_distance: 1.2005324372296187
