gap_closing: 0
gap_closing_max_distance: 2.178137516810095
max_distance: 1.16316387306092
