gap_closing: 1
gap_closing_max_distance: 2.4544773823564383
max_distance: 0.6272974950601232
