division_recovery: -1
predicted_ratio: 0.5023105360443623
target_effectiveness: 0.21029572836801752
track_purity: 0.34118915588416515
true_ratio: 0.44646768893756844
union_ratio: 0.30953962980541055
