mitotic_branching_correctness: -1
precision: 0.5023105360443623
target_effectiveness: 0.21029572836801752
track_purity: 0.34118915588416515
true_positive_rate: 0.44646768893756844
Jaccard_index: 0.30953962980541055
