gap_closing: 1
gap_closing_max_distance: 2.5278705080421937
max_distance: 0.6022543454531314
