division_recovery: -1
predicted_ratio: 0.56184069714111
target_effectiveness: 0.24239115599836222
track_purity: 0.3828160831677114
true_ratio: 0.501569537327692
union_ratio: 0.3605415481212597
