mitotic_branching_correctness: -1
precision: 0.56184069714111
target_effectiveness: 0.24239115599836222
track_purity: 0.3828160831677114
true_positive_rate: 0.501569537327692
Jaccard_index: 0.3605415481212597
