mitotic_branching_correctness: -1
precision: 0.5145075602778912
target_effectiveness: 0.25249078749829396
track_purity: 0.256640784634246
true_positive_rate: 0.5154906510167873
Jaccard_index: 0.34680011018271967
