mitotic_branching_correctness: 0.582089552238806
precision: 0.9536146064643474
target_effectiveness: 0.9162162162162162
track_purity: 0.8147051566740686
true_positive_rate: 0.9496314496314496
Jaccard_index: 0.9077031470173791
