division_recovery: 0.582089552238806
predicted_ratio: 0.9536146064643474
target_effectiveness: 0.9162162162162162
track_purity: 0.8147051566740686
true_ratio: 0.9496314496314496
union_ratio: 0.9077031470173791
