gap_closing: 0
gap_closing_max_distance: 9.665257099056818
max_distance: 13.028093568446623
splitting_max_distance: 16.78007056279504
