mitotic_branching_correctness: -1
precision: 0.52018423191547
target_effectiveness: 0.2605431963968882
track_purity: 0.2569764291519913
true_positive_rate: 0.5240889859424048
Jaccard_index: 0.3532983715153188
