gap_closing: 0
gap_closing_max_distance: 2.1046998799513914
max_distance: 1.1085460547823747
