division_recovery: -1
predicted_ratio: 0.52018423191547
target_effectiveness: 0.2605431963968882
track_purity: 0.2569764291519913
true_ratio: 0.5240889859424048
union_ratio: 0.3532983715153188
