gap_closing: 0
gap_closing_max_distance: 0.5690129400973506
max_distance: 1.1985196712841897
