gap_closing: 0
gap_closing_max_distance: 21.897605487538755
max_distance: 11.87758280639788
splitting_max_distance: 25.795386927869647
