division_recovery: 0.90625
predicted_ratio: 0.997590164604011
target_effectiveness: 0.975566833101416
track_purity: 0.9897479884001144
true_ratio: 0.9995907342228043
union_ratio: 0.9971828685746948
