Algorithm: predicted
Segmentation:
Precision: 1.0
Recall: 1
F: 1.0
Tracking:
Precision: 0.9994931576279777
Recall: 0.9671407552721922
F: 0.9830508474576272
Long-time tracking:
Precision: 1.0
Recall: 0.6774193548387096
F: 0.8076923076923077