Algorithm: predicted
Segmentation:
Precision: 1.0
Recall: 1
F: 1.0
Tracking:
Precision: 0.9985243482538121
Recall: 0.9955860716037274
F: 0.9970530451866405
Long-time tracking:
Precision: 0.9886363636363636
Recall: 0.9354838709677419
F: 0.9613259668508287