Algorithm: predicted
Segmentation:
Precision: 1.0
Recall: 1
F: 1.0
Tracking:
Precision: 0.9990167158308751
Recall: 0.9965669445806769
F: 0.9977903265406335
Long-time tracking:
Precision: 0.9887640449438202
Recall: 0.946236559139785
F: 0.967032967032967