Algorithm: predicted
Segmentation:
Precision: 1.0
Recall: 1
F: 1.0
Tracking:
Precision: 0.9985286905345758
Recall: 0.9985286905345758
F: 0.9985286905345758
Long-time tracking:
Precision: 0.9680851063829787
Recall: 0.978494623655914
F: 0.9732620320855615