Algorithm: predicted
Segmentation:
Precision: 1.0
Recall: 1
F: 1.0
Tracking:
Precision: 0.9994944388270981
Recall: 0.969592937714566
F: 0.9843166542195668
Long-time tracking:
Precision: 1.0
Recall: 0.6881720430107527
F: 0.8152866242038217