Algorithm: predicted
Segmentation:
Precision: 1.0
Recall: 1
F: 1.0
Tracking:
Precision: 0.99950884086444
Recall: 0.998038254046101
F: 0.9987730061349693
Long-time tracking:
Precision: 0.989010989010989
Recall: 0.967741935483871
F: 0.9782608695652174