Algorithm: predicted
Segmentation:
Precision: 1.0
Recall: 1
F: 1.0
Tracking:
Precision: 0.9990181639666176
Recall: 0.998038254046101
F: 0.9985279685966634
Long-time tracking:
Precision: 0.9888888888888889
Recall: 0.956989247311828
F: 0.9726775956284153