Algorithm: predicted
Segmentation:
Precision: 1.0
Recall: 1
F: 1.0
Tracking:
Precision: 0.9985250737463127
Recall: 0.996076508092202
F: 0.9972992879941075
Long-time tracking:
Precision: 0.9886363636363636
Recall: 0.9354838709677419
F: 0.9613259668508287