Algorithm: predicted
Segmentation:
Precision: 1.0
Recall: 1
F: 1.0
Tracking:
Precision: 0.9985236220472441
Recall: 0.9950956351152526
F: 0.9968066814050602
Long-time tracking:
Precision: 0.9886363636363636
Recall: 0.9354838709677419
F: 0.9613259668508287