Algorithm: predicted
Segmentation:
Precision: 1.0
Recall: 1
F: 1.0
Tracking:
Precision: 1.0
Recall: 0.9995095635115253
F: 0.9997547216090262
Long-time tracking:
Precision: 1.0
Recall: 0.989247311827957
F: 0.9945945945945946