Algorithm: predicted
Segmentation:
Precision: 1.0
Recall: 1
F: 1.0
Tracking:
Precision: 0.9980334316617503
Recall: 0.9955860716037274
F: 0.9968082494475816
Long-time tracking:
Precision: 0.9772727272727273
Recall: 0.9247311827956989
F: 0.9502762430939227