Algorithm: predicted
Segmentation:
Precision: 1.0
Recall: 1
F: 1.0
Tracking:
Precision: 0.999017199017199
Recall: 0.9970573810691515
F: 0.9980363279332352
Long-time tracking:
Precision: 0.9887640449438202
Recall: 0.946236559139785
F: 0.967032967032967