Algorithm: predicted
Segmentation:
Precision: 1.0
Recall: 1
F: 1.0
Tracking:
Precision: 0.9990196078431373
Recall: 0.9995095635115253
F: 0.9992645256190242
Long-time tracking:
Precision: 0.9787234042553191
Recall: 0.989247311827957
F: 0.983957219251337