Algorithm: predicted
Segmentation:
Precision: 1.0
Recall: 1
F: 1.0
Tracking:
Precision: 0.9990157480314961
Recall: 0.9955860716037274
F: 0.9972979611888971
Long-time tracking:
Precision: 0.9887640449438202
Recall: 0.946236559139785
F: 0.967032967032967