Algorithm: predicted
Segmentation:
Precision: 1.0
Recall: 1
F: 1.0
Tracking:
Precision: 0.9995090819833088
Recall: 0.9985286905345758
F: 0.9990186457311089
Long-time tracking:
Precision: 0.989010989010989
Recall: 0.967741935483871
F: 0.9782608695652174