Algorithm: predicted
Segmentation:
Precision: 1.0
Recall: 1
F: 1.0
Tracking:
Precision: 0.9994866529774127
Recall: 0.9548798430603237
F: 0.9766741911211437
Long-time tracking:
Precision: 1.0
Recall: 0.5698924731182796
F: 0.726027397260274