Algorithm: predicted
Segmentation:
Precision: 1.0
Recall: 1
F: 1.0
Tracking:
Precision: 0.9985133795837463
Recall: 0.9882295242766062
F: 0.9933448360857776
Long-time tracking:
Precision: 1.0
Recall: 0.8709677419354839
F: 0.9310344827586207