mitotic_branching_correctness: -1
precision: 0.4456538170823885
target_effectiveness: 0.1888111888111888
track_purity: 0.28586545729402874
true_positive_rate: 0.4042232277526395
Jaccard_index: 0.268978102189781
