gap_closing: 1
gap_closing_max_distance: 2.7037472478671822
max_distance: 0.6576971704877851
