division_recovery: -1
predicted_ratio: 0.4456538170823885
target_effectiveness: 0.1888111888111888
track_purity: 0.28586545729402874
true_ratio: 0.4042232277526395
union_ratio: 0.268978102189781
