Jaccard_index: 0.40265753976243207
mitotic_branching_correctness: 0.1702127659574468
precision: 0.5617977528089888
target_effectiveness: 0.39888464925154093
track_purity: 0.4182584269662921
true_positive_rate: 0.587026709715292
