gap_closing: 0
gap_closing_max_distance: 41.9300352882893
max_distance: 47.054235105314945
splitting_max_distance: 66.82652894981992
