gap_closing: 0
gap_closing_max_distance: 0.6281757083427022
max_distance: 1.060081857030557
