drift_x: -8.79421641893745
drift_y: -2.569960282097208
gap_closing: 0
gap_closing_max_distance: 13.691199822435854
max_distance: 19.292392432941607
splitting_max_distance: 25.783720688355423
