division_recovery: 0.9166666666666666
predicted_ratio: 0.9968393911669301
target_effectiveness: 0.9858274280950396
track_purity: 0.9937619562505199
true_ratio: 0.9991663192997082
union_ratio: 0.9960109698329593
