mitotic_branching_correctness: 0.010416666666666666
precision: 0.999641544941303
target_effectiveness: 0.7754897874114214
track_purity: 0.981629178241778
true_positive_rate: 0.9299708211754898
Jaccard_index: 0.9296608050670889
