mitotic_branching_correctness: 0.1702127659574468
precision: 0.574037651025569
target_effectiveness: 0.40680950983269737
track_purity: 0.43663950547906716
true_positive_rate: 0.5996477839741708
Jaccard_index: 0.4149908592321755
