gap_closing: 0
gap_closing_max_distance: 32.32161349197314
max_distance: 50.90351848167978
splitting_max_distance: 57.79954237544145
