division_recovery: 0.1702127659574468
predicted_ratio: 0.574037651025569
target_effectiveness: 0.40680950983269737
track_purity: 0.43663950547906716
true_ratio: 0.5996477839741708
union_ratio: 0.4149908592321755
