division_recovery: 0.20212765957446807
predicted_ratio: 0.5494442861214021
target_effectiveness: 0.3800997945406516
track_purity: 0.4226275292106013
true_ratio: 0.5658937481655415
union_ratio: 0.3865276663993585
