gap_closing: 0
gap_closing_max_distance: 0.40626069591934455
max_distance: 0.9654925217987192
