gap_closing: 1
gap_closing_max_distance: 0.7920781603669516
max_distance: 1.0098664984840031
