Jaccard_index: 0.3053387169134141
mitotic_branching_correctness: -1
precision: 0.4697680839315295
target_effectiveness: 0.23124315443592552
track_purity: 0.25469353948094975
true_positive_rate: 0.4659090909090909
