Jaccard_index: 0.3016294721927028
mitotic_branching_correctness: -1
precision: 0.46064376521503925
target_effectiveness: 0.23247535596933186
track_purity: 0.228698945090614
true_positive_rate: 0.4663198247535597
