division_recovery: -1
predicted_ratio: 0.895017793594306
target_effectiveness: 0.721788015905663
track_purity: 0.7311798521762934
true_ratio: 0.8966131907308378
union_ratio: 0.8112903225806452
