mitotic_branching_correctness: -1
precision: 0.895017793594306
target_effectiveness: 0.721788015905663
track_purity: 0.7311798521762934
true_positive_rate: 0.8966131907308378
Jaccard_index: 0.8112903225806452
