drift_x: 0
drift_y: 0
feature_weight: 0.5304887718809699
gap_closing: 0
max_distance: 1.9790834317291186
segment_connect_max_distance: 2.5427448017460392
