drift_x: -4.957919261508408
drift_y: -5.066917916836871
gap_closing: 0
gap_closing_max_distance: 30.278770414313755
max_distance: 19.445994147816148
splitting_max_distance: 29.79411182462949
