division_recovery: -1
predicted_ratio: 0.9955988263536943
target_effectiveness: 0.986650647443599
track_purity: 0.9855961589757268
true_ratio: 0.9965291683353358
union_ratio: 0.9921584263689527
