drift_x: 0
drift_y: 0
feature_weight: 0.12425660106181592
gap_closing: 0
max_distance: 0.9544347846656575
segment_connect_max_distance: 0.7056410112475455
