Jaccard_index: 0.8835187316199974
mitotic_branching_correctness: -1
precision: 0.9346679291221426
target_effectiveness: 0.8198419187789588
track_purity: 0.8087379954010551
true_positive_rate: 0.9416734805124012
