drift_x: 0
drift_y: 0
feature_weight: 0.43191251445291745
gap_closing: 0
max_distance: 2.011049469724706
segment_connect_max_distance: 1.821373364932146
