mitotic_branching_correctness: -1
precision: 0.97116291604905
target_effectiveness: 0.914471017430077
track_purity: 0.9072901226249832
true_positive_rate: 0.973787326037022
Jaccard_index: 0.9464215364412344
