drift_x: 0
drift_y: 0
feature_weight: 0.32396179600881037
gap_closing: 0
max_distance: 1.495996635261257
segment_connect_max_distance: 1.879233951151768
