division_recovery: -1
predicted_ratio: 0.97116291604905
target_effectiveness: 0.914471017430077
track_purity: 0.9072901226249832
true_ratio: 0.973787326037022
union_ratio: 0.9464215364412344
