division_recovery: -1
predicted_ratio: 0.7369390709303856
target_effectiveness: 0.43818402918524524
track_purity: 0.3976839057770759
true_ratio: 0.7566545061478178
union_ratio: 0.5957446808510638
