drift_x: 0
drift_y: 0
feature_weight: 0.4260781977783603
gap_closing: 0
max_distance: 1.9219267826670166
segment_connect_max_distance: 2.7278914800363556
