drift_x: 0
drift_y: 0
feature_weight: 0.46318607809120244
gap_closing: 0
max_distance: 1.9755624921335766
segment_connect_max_distance: 1.5489340370081914
