division_recovery: -1
predicted_ratio: 0.9284645722834217
target_effectiveness: 0.8105147864184009
track_purity: 0.807561539507684
true_ratio: 0.9346933187294633
union_ratio: 0.8719029374201788
