division_recovery: -1
predicted_ratio: 0.45025762980578676
target_effectiveness: 0.23288608981380066
track_purity: 0.20280089840137402
true_ratio: 0.4665936473165389
union_ratio: 0.29725250763192324
