gap_closing: 0
gap_closing_max_distance: 26.642680189273932
max_distance: 12.127574294083436
splitting_max_distance: 17.802395249562007
