division_recovery: 0.5791044776119403
predicted_ratio: 0.949656188605108
target_effectiveness: 0.9113022113022113
track_purity: 0.8116404715127702
true_ratio: 0.9501228501228501
union_ratio: 0.9045614035087719
