mitotic_branching_correctness: 0.1791044776119403
precision: 0.9726790450928382
target_effectiveness: 0.8798525798525798
track_purity: 0.7718832891246684
true_positive_rate: 0.900982800982801
Jaccard_index: 0.8787443086508507
